$ 1 0.000005 35.60246606707791 38 15 53 5e-11
w 240 48 336 48 0
r 240 48 240 208 0 68
r 240 208 240 352 0 8.3
t 240 208 336 208 0 1 -2.897063590634385 0.7947131696065464 100 default
w 240 352 336 352 0
g 240 352 240 384 0 0
R 240 48 144 48 0 0 40 12 0 0 0.5
r 336 48 336 192 0 4
r 336 224 336 352 0 0.34
R 160 208 112 208 0 1 160 0.5 0 0 0.5
O 512 192 560 192 0 0
g 512 272 512 304 0 0
w 336 192 416 192 0
c 160 208 240 208 0 0.001 -1.1527085738953575 0.001
207 240 208 112 96 4 biassed\sinput
r 512 192 512 272 0 4
403 608 112 864 288 0 15_64_0_4355_10_1.6_-1_2_15_3
c 512 128 416 128 0 0.0005 -5.729252208306973 0.001
s 416 192 512 192 0 1 false
w 416 128 416 192 0
w 512 128 512 192 0
403 -48 176 80 240 0 9_32_0_4098_0.625_0.00009765625_-1_2_9_3
403 -48 64 80 128 0 14_32_0_4355_2.5_0.00009765625_-1_2_14_3
