$ 1 0.000005 35.60246606707791 38 15 53 5e-11
w 240 48 336 48 0
r 240 48 240 208 0 68
r 240 208 240 352 0 12.3
t 240 208 336 208 0 1 -2.6598074839471986 0.7726722823248959 100 default
w 240 352 336 352 0
g 240 352 240 384 0 0
R 240 48 144 48 0 0 40 12 0 0 0.5
r 336 48 336 192 0 4
r 336 224 336 352 0 0.72
R 160 208 112 208 0 1 160 0.5 0 0 0.5
O 416 192 464 192 0 0
g 416 272 416 304 0 0
w 336 192 416 192 0
c 160 208 240 208 0 0.001 -1.7522026266784212 0.001
207 240 208 272 176 4 biassed\sin
r 416 192 416 272 0 4
o 9 32 0 4098 0.625 0.00009765625 0 2 9 3
o 10 32 0 4354 20 0.00009765625 1 1
o 14 32 0 4355 5 0.00009765625 2 2 14 3
o 15 32 0 4355 5 1.6 3 2 15 3
