$ 1 0.000005 30.13683688681966 36 15 53 5e-11
r 240 64 240 208 0 68
r 240 208 240 352 0 8.3
t 240 208 336 208 0 1 -7.9681924093401 0.7588129586064569 100 default
w 240 352 336 352 0
g 240 352 240 384 0 0
R 112 48 16 48 0 0 40 12 0 0 0.5
r 336 64 336 192 0 4
r 336 224 336 352 0 0.34
R 160 208 112 208 0 1 160 0.5 0 0 0.5
O 512 192 560 192 0 0
g 512 272 512 304 0 0
w 336 192 416 192 0
c 160 208 240 208 0 0.001 -1.277238976355052 0.001
207 240 208 112 96 4 biassed\sinput
r 512 192 512 272 0 4
c 512 128 416 128 0 0.0005 -8.03606848861689 0.001
s 416 192 512 192 0 1 false
w 416 128 416 192 0
w 512 128 512 192 0
403 -48 176 80 240 0 8_32_0_4098_0.625_0.00009765625_-1_2_8_3
403 -48 64 80 128 0 13_32_0_4355_2.5_0.00009765625_-1_2_13_3
c 208 -32 208 16 0 0.01 -11.999999999996087 0.001
g 208 -32 208 -48 0 0
r 112 16 208 16 0 0.5
w 112 16 112 48 0
S 272 32 208 32 0 0 false 0 2
w 272 32 272 48 0
w 240 64 272 64 0
w 336 64 272 64 0
w 272 48 272 64 0
w 208 48 112 48 0
o 5 32 0 4099 20 3.2 0 2 5 3
o 14 8 0 4355 10 1.6 1 2 14 3
