$ 1 0.0000049999999999999996 35.60246606707791 38 15 53 5e-11
w 240 48 336 48 0
r 240 48 240 208 0 70
r 240 208 240 352 0 5
t 240 208 336 208 0 1 -5.599277531901352 0.808981337540324 100 default
w 240 352 336 352 0
g 240 352 240 384 0 0
R 240 48 144 48 0 0 40 20 0 0 0.5
r 336 48 336 192 0 4
r 336 224 336 352 0 0.2
R 160 208 112 208 0 1 200 0.5 0 0 0.5
O 512 192 560 192 0 0
g 512 272 512 304 0 0
w 336 192 416 192 0
c 160 208 240 208 0 0.001 -1.159682305686154 0.001
207 240 208 112 96 4 biassed\sinput
r 512 192 512 272 0 4
c 512 128 416 128 0 0.0005 -9.693893182867257 0.001
s 416 192 512 192 0 1 false
w 416 128 416 192 0
w 512 128 512 192 0
403 -48 176 80 240 0 9_32_0_4354_0.625_0.00009765625_-1_2_9_3
403 -48 64 80 128 0 14_32_0_4355_2.5_0.00009765625_-1_2_14_3
c 432 224 432 352 0 0.001 0.234248207430398 0.001
w 336 224 400 224 0
w 400 352 336 352 0
403 352 -32 496 64 0 7_64_0_4355_20_6.4_-1_2_7_3
403 608 112 880 288 0 15_32_0_20739_10_3.2_-1_2_15_3
