$ 1 0.000005 382.76258214399064 53 5 43 5e-11
g 176 368 176 384 0 0
R 176 176 224 176 0 0 40 10 0 0 0.5
409 416 112 528 112 1 0.6 -2.41023433217968e-9 5 0
w 240 144 240 208 0
w 128 144 128 192 0
R -112 240 -192 240 0 2 30 2 0 0 0.5
368 368 208 448 208 0 0
R 16 320 -16 320 0 0 40 10 0 0 0.5
r 16 320 96 320 0 2200000
r 96 320 176 320 0 1000000
w 176 368 176 320 0
c 48 240 96 240 0 1.0000000000000001e-7 -3.295678474072292 0.001
w -64 240 -32 240 0
r 96 288 96 240 0 2200000
w 96 240 96 224 0
r 48 240 -32 240 0 220
w 240 208 368 208 0
207 128 144 128 112 4 neg
207 96 224 96 192 4 pos
w 128 144 240 144 0
R 176 272 208 272 0 0 40 0 0 0 0.5
w 176 240 176 272 0
a 128 208 224 208 8 15 -15 1000000 0 0 100000
w 224 208 240 208 0
w 96 288 96 320 0
w 96 368 96 320 0
c 96 368 176 368 0 1.0000000000000001e-7 3.2705071824854506 0.001
s -112 240 -64 240 0 0 false
o 5 128 0 4099 5 0.00009765625 0 2 5 3
o 18 128 0 4098 20 0.00009765625 1 2 18 3
o 6 128 0 4098 0.0000762939453125 12.8 2 2 6 3
o 24 256 0 4098 10 0.00009765625 3 2 24 3
