$ 1 0.000005 10.20027730826997 50 5 50 5e-11
R 608 160 560 160 0 0 40 5 0 0 0.5
g 720 432 720 480 0 0
t 688 336 720 336 0 -1 0.8371716178937332 -0.6435479906273089 100 default
r 720 320 720 224 0 50
d 624 224 624 272 2 default
d 624 272 624 336 2 default
w 688 336 672 336 0
w 720 160 624 160 1
w 624 224 624 160 1
r 624 336 624 432 0 2000
w 624 432 720 432 1
r 720 352 832 352 0 500
g 880 352 880 384 0 0
w 832 352 880 352 1
w 672 336 624 336 2
w 608 160 624 160 0
w 720 224 720 160 0
x 775 324 1196 327 4 24 lower\sthis\sR\sand\sthe\sI\swill\sstay\sthe\ssame
o 3 64 0 4099 0.625 0.0125 0 2 3 3
o 11 64 0 4099 5 0.0125 1 2 11 3
o 3 64 0 4099 0.625 0.0125 2 2 3 3
