$ 1 0.000005 10.20027730826997 50 5 43 5e-11
i 320 -48 320 128 0 0.01
t 288 208 320 208 0 1 0 0.6546078027884735 100 default
t 208 208 176 208 0 1 -4.4434314061272415 0.6546078027884735 100 default
w 320 160 240 160 1
w 240 160 240 208 0
w 320 192 320 160 0
R 320 -48 352 -48 0 0 40 10 0 0 0.5
g 256 288 256 320 0 0
w 320 288 256 288 1
w 256 288 176 288 1
r 176 48 176 192 0 500
w 320 -48 176 -48 0
w 176 -48 176 48 0
w 320 224 320 288 0
w 176 224 176 288 0
w 320 128 320 160 3
w 240 208 288 208 1
w 240 208 208 208 1
