$ 1 0.000005 16.817414165184545 71 5 43 5e-11
t 96 208 128 208 0 -1 11.402616926075115 -0.5277068290501217 100 default
t 304 208 256 208 0 -1 4.330309536443801 -0.5556173182218656 100 default
r 192 32 192 144 0 50000
R 240 32 288 32 0 0 40 15 0 0 0.5
w 128 144 128 192 0
w 256 192 256 144 0
w 240 32 192 32 0
w 128 352 192 352 0
w 256 352 192 352 0
w 128 272 128 224 0
R 96 208 16 208 0 1 40 0.05 0 0 0.5
R 304 208 368 208 0 1 200 0.05 0 0 0.5
w 16 272 128 272 0
207 16 272 -48 240 4 out
R 256 352 304 352 0 0 40 -15 0 0 0.5
w 192 144 128 144 0
w 192 144 256 144 0
r 128 272 128 352 0 50000
r 256 224 256 352 0 50000
o 10 64 0 4099 0.3125 0.0015625 0 4 10 3 11 0 11 3
o 13 64 0 4099 20 0.00009765625 1 2 13 3
